Input: {{-1, 36, 82, 42, 76}, {36, -1, 58, 7, 49}, {82, 58, -1, 28, 49}, {42, 7, 28, -1, 9}, {76, 49, 49, 9, -1}}
Input: {{-1, 81, 21, 30, 39}, {81, -1, 22, 64, 91}, {21, 22, -1, 74, 57}, {30, 64, 74, -1, 10}, {39, 91, 57, 10, -1}}
Input: {{-1, 24, 19, 38, 6}, {24, -1, 84, 54, 6}, {19, 84, -1, 92, 11}, {38, 54, 92, -1, 49}, {6, 6, 11, 49, -1}}