Output(0): {0,7,44,35,65,96,32,97,37,101}
Time: 3.72642 ms
Output(1): {0,72,119,103,109,50,87,118,65,89}
Time: 2.372141 ms
Output(2): {0,68,58,51,67,50,43,17,49,67}
Time: 2.10446 ms
Output(3): {0,85,113,34,41,4,49,24,53,44}
Time: 4.882387 ms
Output(4): {0,8,44,42,37,40,19,33,55,10}
Time: 2.884234 ms
Output(5): {0,15,13,7,13,15,10,13,12,7,13,13,16,15,14,8,14,12,20,10,24,13,15,19,12,14,16,8,17,10,10,10,12,13,13,4,9,14,12,13,13,13,14,11,16,14,15,11,14,13,15,10,16,8,14,13,9,10,13,11,12,11,12,15,11,15,8,14,12,11,19,19,17,8,17,9,16,14,12,8,5,6,12,16,11,17,18,11,13,11,12,15,11,11,11,13,10,5,17,13}
Time: 24.459822 ms
Output(6): {0,16,12,9,12,16,10,9,17,14,13,12,10,16,13,19,11,12,9,20,19,14,23,8,18,15,13,12,17,13,17,12,11,15,15,11,14,16,10,15,11,16,5,15,11,3,14,12,11,12,18,13,2,18,17,14,11,11,14,16,16,18,17,13,13,11,6,15,15,17,19,14,16,19,14,17,24,7,17,21,10,22,22,12,12,11,9,9,17,13,15,10,13,12,12,20,13,13,16,16}
Time: 13.881849 ms
Output(7): {0,14,12,9,11,14,7,12,16,10,11,10,11,11,17,13,6,9,16,15,12,10,12,7,12,11,15,6,11,7,8,12,20,10,9,7,10,16,10,3,18,10,18,12,14,17,14,19,10,9,11,19,11,8,4,9,12,14,11,13,8,5,16,21,13,18,15,9,19,16,15,17,9,11,18,10,11,5,15,13,9,12,19,15,11,16,11,17,10,11,11,13,18,18,7,8,18,11,7,10}
Time: 16.037458 ms
Output(8): {0,11,3,7,11,11,13,7,9,9,12,13,8,8,15,1,9,6,7,10,6,12,9,8,7,8,9,10,8,12,9,11,11,9,2,4,10,18,14,11,5,4,7,7,8,9,12,10,5,8,4,11,10,2,7,8,9,5,10,8,8,10,13,13,10,9,11,12,9,6,8,9,8,8,11,9,6,5,2,10,9,12,15,3,5,8,11,10,10,8,7,10,10,9,9,8,6,12,8,9}
Time: 12.887248 ms
Output(9): {0,15,14,7,17,13,14,16,14,4,13,19,10,24,8,10,9,8,13,13,7,9,5,11,13,16,10,14,17,15,18,7,15,11,11,17,14,14,16,10,11,18,16,15,15,14,23,19,14,20,17,9,14,9,14,15,6,17,6,12,14,15,13,11,14,12,12,18,14,12,14,26,14,13,13,15,18,15,11,11,17,9,14,20,10,19,14,22,6,10,15,15,16,14,16,8,13,14,15,10}
Time: 14.147296 ms
