Output(0): {97,294,472,598,862,1129,1442,1747,1819,2128}
Time: 21.756117 ms
Output(1): {1,100,158,206,261,426,624,687,922,994}
Time: 17.200999 ms
Output(2): {11,70,140,194,392,573,735,989,1151,1227}
Time: 14.710869 ms
Output(3): {55,188,302,559,592,642,823,835,902,946}
Time: 13.701732 ms
Output(4): {82,263,317,470,515,638,904,946,1080,1320}
Time: 13.286612 ms
Output(5): {5,49,85,147,323,477,744,1017,1242,1527,1583,1689,1814,2014,2061,2448,2698,2968,3176,3271,3535,3783,4013,4257,4667,4972,5367,5595,5936,6026,6169,6613,6958,7409,7749,8221,8511,8875,9310,9364,9413,9478,9944,10194,10374,10866,11136,11655,11817,12202,12574,12712,12940,13334,13592,13844,14103,14340,14821,15001,15232,15700,15778,15848,16165,16273,16675,17068,17418,17781,17788,18069,18660,18926,19157,19535,19678,19706,20279,20335,20500,20860,21334,21793,22447,22495,22809,22921,23452,23770,24060,24597,24837,25205,25367,25844,25851,26210,26546,26842}
Time: 10094.518731 ms
Output(6): {2,59,194,292,391,655,801,1008,1248,1392,1645,1745,2152,2418,2574,2664,3090,3134,3345,3518,3608,4003,4223,4626,4883,5223,5333,5605,5921,6215,6275,6595,6792,6834,7149,7419,7473,7554,7568,8083,8508,8688,9029,9242,9480,9726,9866,10114,10567,10722,10866,11364,11409,11628,11820,12293,12809,13175,13680,14111,14309,14659,15175,15220,15419,15798,16068,16450,16618,16819,17354,17846,18023,18191,18499,18825,19014,19062,19433,19728,20210,20499,20562,20858,20941,21350,21525,21808,22300,22682,22717,23299,23575,24114,24372,24449,25025,25311,25472,25852}
Time: 10025.020689 ms
Output(7): {60,74,169,337,388,477,477,618,758,974,1240,1284,1403,1724,2006,2162,2297,2620,2812,3022,3320,3335,3715,4153,4471,4471,4841,5053,5283,5410,5710,5971,6312,6617,6785,6918,7201,7475,7493,7610,7842,8171,8510,8510,8618,9046,9526,9978,10264,10736,10754,11112,11352,11771,12182,12380,12860,13366,13438,13522,14025,14393,14882,15020,15252,15306,15399,15980,16444,16786,17185,17688,17820,18155,18395,18864,19415,19986,20546,20933,21394,21736,22279,22633,22703,23156,23484,23977,24491,24930,25395,25649,25838,25925,26377,26679,27258,27506,27899,28158}
Time: 10077.316603 ms
Output(8): {44,184,232,378,483,706,850,950,1010,1064,1270,1342,1374,1494,1570,1805,2049,2084,2114,2420,2644,2779,2950,3317,3452,3801,4173,4238,4341,4598,4598,5038,5190,5472,5627,5687,6135,6291,6635,6770,7062,7338,7794,8264,8429,8732,9112,9318,9516,9926,9976,10346,10740,10990,11116,11655,12138,12342,12485,12857,13158,13176,13335,13814,14259,14289,14726,14885,15092,15491,15509,15890,16220,16654,16805,16840,17365,17444,17970,18162,18413,18533,18871,19421,19986,20094,20466,20684,21077,21532,21868,22294,22792,22911,23371,23904,24319,24845,25331,25904}
Time: 10117.080294 ms
Output(9): {36,120,254,345,387,622,881,935,1214,1470,1634,1906,2098,2442,2750,3105,3505,3525,3855,4251,4371,4725,5149,5327,5432,5540,5668,6064,6329,6703,6803,6875,7336,7706,8017,8288,8639,8879,9146,9406,9843,10294,10746,11022,11118,11118,11646,12109,12626,12941,13504,13648,13957,14353,14658,15174,15470,15536,15917,16229,16803,16827,17218,17338,17574,17980,17980,18257,18499,18969,19245,19720,19894,20151,20459,21097,21258,21398,21919,22045,22080,22620,23106,23627,24137,24716,24814,24946,25301,25927,26299,26883,27423,27982,28402,29031,29247,29394,29715,30240}
Time: 10136.686871 ms
